186
295
479
740
749
750
752
755
762
1004
1011
1012
1013
1027
1460
1482
1614
1684
1694
1895
1910
1945
2050
2052
2186
2289
2347
2384
2626
2737
2805
2941
3051
3053
3060
3061
3088
3247
3364
3578
3752
3852
3894
3907
3927
4114
4170
4239
4265
4280
4291
4357
4622
4623
4728
4895
4972
5042
5053
5113
5159
5347
5477
5550
5554
5746
5857
6152
6386
6396
7175
7223
7364
7365
7521
7522
7529
7530
7532
7606
7831
8806
9223
9704
9706
9853
10010
10023
10458
10460
10470
10483
10572
11225
11227
11897
11905
11926
12174
12181
12600
12825
13378
13480
13773
13831
13875
13984
14229
14703
14711
15200
17273
17275
17391
17474
17600
17719
17776
18268
18298
18451
18758
18814
18877
18883
19039
19509
19893
20534
21205
21206
21548
21588
22070
22225
23759
23904
23925
23969
24515
24559
24818
24819
25154
26258
26271
26273
26428
26539
26540
26647
26980
27640
27959
28002
28620
29228
29424
30706
30916
31660
31664
31815
32065
32743
32868
32944
32946
33001
33410
33669
34445
34462
34533
34821
34924
34931
35049
35400
35446
35607
35790
35949
35950
36354
36806
36819
37364
38270
38297
38525
38534
38535
38538
38721
38737
38876
39147
39202
39661
39803
39863
40341
40787
42384
42656
42679
42695
44185
44596
45236
45238
45382
45383
45388
45582
45641
45730
46728
47147
47932
48034
48300
48388
48630
49451
49520
49689
49842
51023
51046
51143
51148
51355
52141
52745
53396
53454
53892
54044
54059
54088
54340
54854
54909
55114
56030
56310
56410
56452
56939
56975
56998
58239
58368
58514
58574
58575
59270
59276
59349
60043
60387
61805
62857
63875
63878
64111
64814
64875
65104
65219
65238
65537
65601
65689
66259
67091
67574
67586
68075
68091
68928
68929
69852
69945
70845
70929
70931
71090
71261
71381
71426
71669
71851
72144
72151
72861
72914
72942
73013
73100
73300
73306
73735
73754
74702
75140
75541
75600
75783
75890
76351
76518
76627
76712
77021
77037
77152
77213
77597
77830
78572
79037
79050
79093
79459
79547
80126
80465
80469
80756
80870
81047
81048
81052
81509
81540
81620
82028
82151
82181
82802
82803
82892
83142
83217
83265
83279
83281
83950
84074
84093
84094
85235
85700
85791
85998
86005
86372
87221
87222
87500
88135
88416
88418
88482
88622
88789
88850
88852
88871
88903
88915
88999
89074
89280
89296
89419
89435
89457
89671
89818
90311
90328
90598
90630
90737
90810
90823
90829
90841
90898
91580
92339
92412
92494
92937
92988
93131
93134
93489
93674
93739
93819
94265
94600
94739
95397
95441
95466
95503
95570
95580
95678
96019
96914
97374
97388
99445
99804
99843
100290
100857
100858
100880
100972
101023
101127
101335
101337
102627
102813
102816
102866
103704
104117
104800
104801
104943
105132
105432
105444
106193
106399
106408
106995
107124
107392
107658
107660
108088
109350
109500
109724
112906
113090
113136
114340
114341
114567
114568
114572
115625
115712
115787
115829
116064
116200
116490
116555
116693
117187
117917
118051
118742
118827
118836
118976
118994
119754
119875
121139
122301
122621
122657
122750
122758
122819
122864
122870
123127
123389
123976
123994
124029
124463
124764
124808
125034
125044
125066
125095
125176
125201
125205
125214
125252
125626
125718
125910
125973
126728
126771
126849
127130
127494
127716
127755
127763
127917
127923
127947
128164
128166
128437
128687
129518
129943
130813
131187
131547
131869
132073
132313
132319
132483
132791
133100
133118
133488
133593
134033
134137
134228
134679
134727
134754
135015
135037
135463
135758
135784
135929
135962
135975
135976
136035
136036
136037
136044
136513
136705
136720
136722
137049
138320
138333
138425
138617
138745
138756
138780
138971
139105
139109
140032
140873
141537
141540
141566
141633
142227
142269
142982
143019
143020
143095
143101
143241
143491
143925
144198
144303
144872
145168
145611
145668
145904
146268
146604
147340
148290
148832
148958
149765
150014
150094
150817
150862
153353
153858
154020
154756
154890
155693
155694
156305
156319
156529
156625
157307
158383
158388
158921
159065
161128
162047
163027
163062
163088
163173
163443
163501
163972
164011
164877
164909
164985
165563
165897
166071
166199
166454
166641
167063
167107
167249
167551
167780
167781
168430
168516
168597
168947
168977
169091
169517
169780
170423
170561
170986
170992
172112
172614
172924
173904
173931
174119
174121
174163
174176
174280
174518
175274
175633
175637
175650
176323
176324
176327
176328
177365
177377
177378
177383
177407
177499
177851
178248
179187
179485
180198
180516
180973
181486
182855
182986
184398
184692
186301
187789
188491
192965
194350
194618
196219
196524
200692
200736
200737
201290
201438
201459
201485
201873
204442
204850
205357
205511
205628
205842
208731
208733
208734
208758
208759
209835
210236
210792
211488
215568
215669
215989
216128
217906
218321
218476
219891
221662
224070
224131
224369
226080
226798
227114
227279
230683
231643
231984
234214
236580
236613
236657
237068
237106
237671
238159
239375
240419
241240
242557
243115
243929
244425
245398
246112
247562
248605
249278
249910
249956
249992
250684
251667
251668
251677
251682
251698
251805
253272
254665
254681
255109
256926
256927
257450
258812
259968
259969
260179
260610
261726
262666
263637
264497
264880
265450
266491
266494
266743
266748
267033
267213
267239
267461
267469
268242
268965
268993
269121
269148
269191
269754
269760
269896
270057
270101
274547
275428
276382
277181
278214
278467
278571
278619
279503
279836
280074
280414
280594
280607
281245
281272
281613
281617
281817
281929
281930
282175
283162
283445
284356
284682
284751
285116
285166
286161
286193
286307
287450
287486
289487
289899
289901
289922
290494
290806
291643
292463
292685
292816
292817
293015
293161
293927
294601
294913
295084
295426
295499
295565
296934
297900
298276
299879
301460
301480
301739
302288
302325
302979
302991
303612
303769
303812
303861
305787
305819
305884
306951
308847
309883
309895
310365
311152
311153
312033
312449
312887
313172
314018
314055
314622
316458
318538
318800
318807
319012
319078
319095
319725
319726
319947
320301
320846
320852
320877
321785
321803
322354
322355
322661
322920
322921
323241
324368
325014
325319
325663
326231
326408
326670
327702
327705
327993
328166
328426
328784
328785
329507
329680
330507
330512
330770
330915
331942
331974
332890
333003
333843
334717
336003
336628
337591
337766
338048
338643
338720
338947
339004
339281
339316
339555
339638
339660
339704
339705
339707
339866
340555
341931
342610
342731
343513
344007
344505
345311
345842
347512
347901
348401
348948
349001
349156
349174
349438
349447
349622
349644
350102
350378
351078
351105
352122
352330
353255
353451
353494
354049
354051
354258
354462
354646
354670
354671
354844
354961
354974
355184
355256
355450
355457
355461
355637
356207
356777
356885
356894
357088
357090
357503
357683
357704
357777
357828
357885
358257
359079
359449
359454
359463
359466
359892
360034
360038
360042
360215
360218
360239
360494
361127
361456
361792
361814
361815
362453
362454
362639
362868
363182
363744
363787
363952
363979
364373
364432
364830
365360
365793
366078
366140
366163
366241
366739
368253
368390
368672
368697
369205
369294
369318
369327
369395
371010
371168
371488
371682
371684
372045
372146
372155
372335
372485
372486
372770
372874
372939
372944
373031
373032
373054
373058
373529
373981
374551
374980
374998
375161
375392
375501
375503
375504
375505
375571
375575
375868
375985
376128
376248
376254
376265
376266
377521
378135
378840
379546
379553
379877
380540
380804
381866
382000
382001
382024
382034
382035
382049
382050
382053
382054
382585
383031
400008
400159
400464
400978
400979
401366
401834
403148
403170
403212
403225
403251
403822
404004
405029
405647
406021
406034
406042
406352
407335
407628
407807
407882
408191
408200
408383
408456
409455
409953
409962
521777
525118
526417
526598
527017
529469
600032
600060
600167
600586
600758
601346
601351
601851
602022
602313
602340
602341
602617
602668
602670
603071
603084
603108
603169
603173
603553
603555
603578
604586
605099
605440
605583
606170
606172
606174
606194
606195
606307
606497
606499
606535
606537
606699
606985
606986
607097
607173
607281
607316
607320
607347
607740
608000
608001
608832
609395
609694
609695
609699
609974
610190
610456
610457
610458
610459
611224
611228
611399
611615
612049
612115
612116
612223
612789
612955
613002
613009
613012
613327
613467
613729
614495
614554
614642
614826
614937
615258
615291
615441
615538
615799
616348
616356
616362
616791
617128
617129
617130
617131
617277
617566
617573
617668
617743
617823
617844
617846
617930
617999
618059
618077
618093
618332
618447
618639
618759
618770
618857
618862
618932
618935
618939
619003
619042
619378
619859
620109
620124
620129
620257
620278
620280
620325
620327
620514
620515
620753
621450
621486
621487
621878
621888
622190
622281
622282
622398
622579
622596
622613
622630
622688
622700
622765
622769
622984
623165
623166
623451
623527
623599
623637
623639
623918
623925
624158
624285
624358
624384
624420
624482
624548
624625
624659
624807
624851
624947
624975
624983
625156
625157
625169
625174
625324
625350
625492
625495
625497
625498
625501
625502
625528
625538
625542
625543
625587
625598
625624
625748
625828
625987
625992
626030
626162
626307
626482
626540
626578
626629
626735
626826
626874
626876
626878
626879
626880
626885
626923
627050
627169
627371
627505
627512
627550
627591
627618
627666
627736
627740
627745
627991
628081
628083
628184
628343
628507
628519
628525
628529
628562
628665
628694
628906
628907
628908
628911
628917
628918
628939
629243
629286
629659
629874
629971
629974
630110
630176
630375
630511
630602
630678
630679
630680
630684
630688
630704
630732
630832
630995
631076
631160
631467
631691
631911
632536
632790
632791
632841
632855
632877
633001
633209
633242
633253
633258
633403
633406
633528
633713
634089
634224
634396
634516
634568
634663
634681
634724
634764
634770
634791
634802
635443
635445
635525
636092
636675
636676
636679
636984
637124
637399
637404
637467
637469
637578
637603
637651
637693
637729
637731
637732
637827
637828
637921
637993
638066
638080
638156
638241
638279
638304
638352
638407
638409
638410
638432
638484
638485
638498
638634
638635
638636
638645
638718
638736
638748
639174
639187
639207
639364
639365
639366
639501
639503
639504
639505
639513
639514
639516
639517
639518
639520
639521
639523
639617
639650
639754
639828
639829
639831
639966
640067
640071
640080
640085
640335
640391
640499
640506
640556
640735
640967
640994
641006
641052
641066
641182
641183
641240
641245
641285
641296
641297
641393
641396
641454
641484
641533
641548
641594
641626
641660
641691
641818
642038
642061
642198
642492
642596
642600
642641
642643
642947
642968
643001
643172
643188
643248
643416
643735
643812
643813
643828
643833
643836
643838
643847
643853
643855
643859
643862
643915
644011
644043
644582
644751
644902
644908
644916
644921
644934
644945
644960
644966
644967
645008
645017
645018
645033
645129
645145
645151
645153
645157
645158
645159
645161
645210
645305
645306
645351
645353
645354
645355
645356
645364
645379
645392
645393
645542
645566
645568
645616
645618
645621
645647
645655
645656
645665
645675
645727
645777
645803
645804
645805
645806
645807
645808
645809
645810
645814
645816
645817
645818
645819
645820
645822
645827
645828
645830
645832
645834
645835
645987
646159
646161
646395
646714
646824
646847
646848
646853
647062
647131
647137
647246
647247
647267
647409
647411
647421
647427
647577
647578
647591
647592
647593
647594
647595
647596
647600
647602
647603
647604
647605
647606
647607
647608
647758
647884
647889
647940
648060
648072
648147
648148
648150
648543
648581
648582
648584
648585
648766
648908
648910
648927
649240
649639
649641
649666
649667
649677
649750
649802
649811
649814
649890
650426
650471
650562
650563
650564
650565
650599
650617
650717
650744
650769
650770
650771
650772
650792
650808
650893
650960
651079
651080
651084
651646
651816
651827
651838
652048
652175
652183
652287
652536
652538
652731
652884
652886
652888
652890
652891
652892
652893
653000
653048
653049
653050
653147
653380
653438
653547
653620
653621
653625
653823
653830
653847
654206
654236
654260
654261
654376
654378
654379
654508
654509
654663
654898
654904
654905
654906
654907
655034
655035
655105
655247
655249
655266
655360
655394
655403
655509
655739
655894
655901
655903
655905
655978
656075
656076
656155
656159
656202
656209
656240
656243
656280
656598
656599
656889
657002
657023
657025
657026
657028
657029
657030
657172
657187
657279
657298
657301
657320
657321
657346
657349
657445
657446
657561
657562
657704
657801
657822
657829
657924
657964
658002
658082
658083
658084
658085
658086
658087
658088
658089
658091
658092
658093
658094
658095
658096
658097
658098
658099
658100
658103
658104
658105
658106
658107
658114
658139
658142
658144
658247
658360
658387
658388
658396
658397
658398
658420
658421
658444
658445
658450
658453
658514
658573
658721
658777
658778
658828
658829
658832
658838
658850
658851
658859
658867
658868
658870
658881
658882
658883
658886
658887
658929
658961
658986
659004
659126
659142
659162
659329
659390
659488
659489
659608
659609
659610
659611
659612
659613
659647
659648
659751
659752
659753
659754
659756
659757
659758
659779
659804
659853
659936
659937
659946
659947
659948
659949
659950
659951
659996
659997
659998
659999
660149
660238
660239
660309
660329
660334
660406
660646
660654
660675
660677
660678
660827
660835
660836
660837
660841
660969
660970
660978
661004
661153
661193
661196
661221
661222
661223
661224
661225
661226
661236
661237
661240
661412
661413
661415
661420
661440
661441
661442
661447
661470
661580
661581
661583
661734
661808
661820
661840
661841
661916
661940
661942
661962
662116
662120
662124
662133
662189
662192
662193
662199
662251
662302
662305
662306
662373
662375
662376
662381
662383
662425
662553
662561
662563
662564
662784
662788
662794
662809
662810
662824
662825
663249
663281
663287
663290
663291
663323
663337
663414
663567
663570
663589
663791
663855
663857
663886
663889
663890
663891
663892
663893
663966
663978
663979
663984
664012
664015
664016
664145
664152
664153
664156
664158
664162
664165
664167
664170
664172
664177
664189
664215
664218
664231
664236
664259
664264
664303
664311
664323
664334
664342
664407
664408
664562
664565
664683
664684
664715
664951
664976
665033
665076
665081
665088
665089
665091
665095
665103
665128
665143
665288
665299
665324
665348
665349
665350
665364
665484
665487
665488
665489
665491
665496
665500
665523
665549
665564
665600
665622
665629
665640
665686
665689
665690
665692
665694
665700
665719
665777
665789
665803
665804
665805
665806
665870
665896
665925
665947
665948
666038
666075
666080
666096
666110
666112
666113
666116
666123
666139
666141
666214
666217
666220
666222
666225
666227
666237
666290
666294
666302
666388
666440
666457
666489
666490
666496
666514
666552
666569
666571
666713
666714
666715
666716
666717
666718
666719
666735
666736
666766
666767
666783
666787
666870
666977
666980
666999
667000
667001
667057
667058
667065
667077
667079
667225
667251
667252
667262
667448
667449
667450
667452
667454
667504
667512
667537
667545
667640
667641
667644
667645
667656
667739
667838
667841
667844
667870
667871
667872
667873
667876
667877
667878
667879
667883
667884
667885
667886
667911
667918
667924
667925
667928
667930
667932
667933
667934
667947
668053
668055
668056
668058
668217
668293
668294
668295
668296
668298
668300
668301
668323
668324
668325
668326
668327
668328
668330
668331
668332
668333
668334
668335
668336
668337
668349
668366
668370
668380
668394
668405
668414
668445
668452
668454
668455
668457
668459
668482
668484
668487
668494
668525
668569
668574
668575
668578
668581
668583
668587
668589
668591
668594
668596
668605
668606
668837
668844
668914
668918
668937
669037
669039
669141
669142
669143
669154
669158
669167
669228
669232
669260
669266
669364
669380
669383
669384
669385
669393
669451
669456
669503
669506
669587
669615
669677
669678
669681
669697
669702
669709
669720
669721
669722
669737
669738
669739
669793
669802
669803
669804
669805
669806
669965
669995
670036
670131
670138
670140
670162
670193
670226
670227
670270
670283
670289
670302
670329
670337
670547
670655
670656
670694
670701
670702
670762
670766
670774
670782
670783
670784
670785
670786
670789
670800
670803
670804
670806
670807
670810
670811
670813
670816
670826
670827
670860
670861
670862
670863
670865
670869
670871
670875
670876
670942
670943
670945
670946
670977
671002
671003
671009
671030
671041
671042
671094
671095
671097
671110
671134
671165
671166
671167
671168
671169
671170
671172
671173
671187
671189
671190
671308
671313
671314
671315
671316
671317
671318
671319
671353
671363
671367
671379
671394
671403
671448
671456
671557
671618
671633
671636
671680
671681
671765
671813
671866
671870
671883
671885
671886
671888
671891
671902
672026
672040
672041
672042
672043
672044
672056
672057
672058
672059
672136
672141
672215
672446
672451
672454
672464
672596
672633
672648
672806
672807
672809
672811
672812
672813
672864
672865
672903
672965
672967
672968
672974
672975
673104
673135
673141
673144
673150
673151
673186
673187
673188
673190
673348
673350
673415
673420
673421
673427
673428
673429
673448
673450
673452
673453
673454
673456
673457
673458
673499
673596
673650
673784
673790
673791
673792
673793
673794
673795
673796
673797
673799
673803
673805
673828
673831
673841
673843
673844
673845
673914
673993
673995
673997
673998
674036
674049
674050
674057
674066
674067
674074
674076
674077
674078
674079
674085
674086
674087
674089
674091
674092
674098
674099
674101
674130
674177
674182
674192
674196
674197
674198
674206
674215
674225
674232
674233
674256
674258
674262
674263
674267
674270
674271
674272
674273
674276
674277
674278
674312
674316
674347
674453
674454
674493
674495
674499
674576
674586
674611
674620
674621
674622
674674
674675
674699
674701
674704
674706
674712
674908
674912
674919
674938
674939
674947
674957
674964
674966
674996
674998
675000
675004
675012
675196
675197
675203
675205
675206
675209
675210
675211
675212
675223
675262
675263
675362
675364
675365
675366
675367
675368
675369
675370
675565
675811
675865
675888
675891
675985
675986
675988
675989
676000
676001
676002
676006
676014
676015
676016
676017
676018
676019
676032
676033
676179
676181
676182
676184
676187
676189
676190
676192
676193
676313
676314
676316
676344
676345
676346
676349
676350
676356
676357
676358
676359
676360
676361
676362
676363
676366
676368
676369
676375
676395
676426
676428
676429
676431
676441
676449
676450
676466
676469
676473
676514
676516
676519
676521
676522
676523
676529
676534
676536
676590
676772
676773
676774
676775
676776
676777
676779
676788
676792
676794
676810
676812
676813
676814
676816
676830
676831
676832
676836
676857
676863
676864
676865
676866
676873
676879
676890
676891
676909
676913
676921
676923
676924
676925
676926
676927
676928
676931
676944
676961
676963
676964
676965
676966
676967
676978
676982
676985
676987
676995
676996
677000
677001
677002
677003
677004
677005
677006
677007
677008
677011
677012
677013
677014
677015
677016
677017
677018
677019
677020
677021
677022
677023
677024
677025
677026
677031
677034
677035
677040
677041
677049
677053
677058
677065
677066
677083
677141
677142
677144
677146
677148
677149
677150
677154
677155
677156
677168
677174
677180
677184
677193
677194
677196
677197
677206
677207
677208
677229
677231
677232
677235
677239
677241
677244
677245
677248
677249
677259
677260
677274
677277
677295
677296
677297
677387
677393
677394
677395
677396
677397
677398
677400
677401
677412
677413
677414
677415
677418
677423
677598
677609
677610
677612
677614
677615
677617
677618
677622
677624
677625
677626
677627
677629
677632
677633
677635
677636
677640
677641
677642
677645
677646
677647
677695
677696
677697
677732
677733
677734
677735
677813
677815
677933
677934
677935
677936
677937
677938
677939
677940
677941
677942
677944
677945
677947
677948
677949
677950
677952
677953
677955
677959
677960
677963
677997
677998
677999
678000
678002
678007
678032
678033
678034
678035
678040
678044
678049
678057
678063
678087
678126
678127
678128
678129
678141
678142
678143
678144
678145
678146
678156
678355
678372
678401
678412
678473
678487
678488
678489
678490
678491
678492
678493
678494
678495
678496
678497
678498
678499
678501
678502
678503
678504
678505
678506
678507
678508
678509
678526
678527
678528
678529
678530
678531
678532
678533
678634
678635
678636
678637
678879
678882
678883
678912
678913
678914
678989
678990
678991
678994
678996
678997
678998
679001
679002
679003
679004
679005
679006
679016
679021
679024
679025
679028
679030
679032
679033
679091
679092
679095
679108
679180
679182
679183
679186
679285
679431
679443
679446
679524
679525
679528
679561
679564
679742
679743
679817
679822
679833
679834
679835
680072
680073
680074
680075
680300
680313
680340
680342
680410
680417
680418
680420
680434
680484
680517
680553
680715
680717
680721
680722
680728
680732
680733
680734
680735
680763
680781
680826
680833
680834
680837
680840
680927
680933
680935
681056
681057
681065
681066
681081
681082
681104
681113
681135
681146
681151
681152
681184
681226
681228
681229
681231
681234
681237
681239
681266
681267
681271
681277
681279
681288
681325
681451
681454
681455
681456
681459
681481
681632
681633
681634
681635
681638
681639
681640
681641
681642
681643
681644
681645
681646
681684
681685
681707
681719
681733
681734
681824
681825
681826
681951
681968
682007
682010
682011
682066
682067
682127
682128
682129
682135
682139
682142
682145
682148
682220
682222
682223
682225
682239
682241
682242
682295
682298
682303
682306
682308
682309
682335
682345
682348
682429
682436
682441
682442
682454
682455
682463
682504
682506
682520
682554
682561
682566
682571
682575
682576
682581
682597
682756
682764
682765
682767
682770
682807
682808
682809
682814
682815
682817
682821
682822
682823
682824
682825
682826
682860
682861
682881
682923
682924
682925
682991
682992
682993
682994
682995
682996
683069
683086
683094
683098
683140
683201
683246
683257
683289
683328
683332
683365
683367
683368
683398
683414
683415
683483
683555
683558
683580
683581
683583
683648
683690
683692
683774
683775
683776
683777
683782
683786
683791
683792
683834
683859
683864
683880
683887
683912
683916
683922
684038
684043
684046
684047
684054
684074
684118
684142
684322
684363
684376
684378
684379
684380
684382
684388
684397
684405
684409
684423
684424
684438
684439
684440
684441
684480
684481
684496
684506
684699
684700
684701
684703
684704
684712
684749
684789
684805
684829
684836
684838
684845
684846
684850
684855
684856
684901
684902
684906
684907
684913
684981
685001
685003
685005
685006
685019
685027
685096
685105
685106
685107
685124
685125
685126
685230
685233
685272
685273
685301
685302
685360
685468
685470
685503
685684
685685
685687
685699
685703
685709
685792
685797
685798
685803
685804
685827
685829
685833
685887
685895
685926
685927
685988
685990
685991
685992
685993
685994
686048
686130
686288
686324
686339
686357
686363
686365
686367
686401
686425
686428
686496
686500
686505
686513
686518
686519
686559
686963
686968
687002
687004
687005
687006
687022
687141
687304
687305
687308
687311
687330
687344
687353
687453
687454
687496
687522
687523
687524
687525
687526
687527
687677
687678
687680
687686
687744
687771
687774
687781
687786
687849
687850
687859
687861
687939
687945
688028
688041
688048
688071
688074
688076
688220
688233
688235
688239
688274
688285
688303
688304
688307
688308
688314
688315
688316
688319
688354
688355
688367
688368
688495
688497
688509
688541
688542
688689
688713
688714
688715
688718
688720
688721
688722
688723
688792
688895
688997
689002
689003
689004
689072
689131
689132
689133
689138
689190
689191
689225
689228
689302
689411
689442
689449
689529
689530
689531
689533
689540
689600
689601
689602
689712
689714
689725
689726
689727
689729
689731
689732
689735
689736
689740
689866
689870
689872
689873
689874
689965
690011
690021
690023
690024
690073
690134
690228
690266
690267
690268
690269
690270
690271
690274
690290
690432
690433
690434
690435
690441
690560
690568
690605
690606
690607
690614
690615
690616
690617
690618
690619
690620
690622
690623
690625
690635
690662
690668
690670
690747
690757
690765
690766
690767
690768
690771
690788
690954
690955
690969
690970
690974
690975
691023
691033
691035
691037
691038
691039
691215
691216
691219
691221
691250
691272
691273
691413
691415
691416
691419
691520
691531
691562
691564
691600
691612
691655
691664
691845
691852
691894
691895
691900
691911
692008
692011
692034
692351
692366
692371
692391
692395
692400
692411
692574
692576
692577
692578
692579
692580
692582
692584
692632
692648
692653
692738
692745
692753
692754
692756
692758
693025
693035
693086
693117
693118
693119
693120
693131
693132
693135
693145
693169
693215
693224
693246
693255
693407
693414
693440
693442
693443
693539
693543
693544
693545
693546
693563
693564
693565
693623
693633
693639
693700
693767
693869
693871
693931
693988
693991
693992
693993
693994
693995
693996
694000
694001
694002
694071
694072
694075
694077
694255
694263
694342
694456
694483
694484
694485
694489
694490
694491
694492
694500
694501
694509
694536
694569
694915
694950
695040
695154
695170
695177
695179
695329
695368
695394
695396
695399
695407
695408
695409
695416
695417
695418
695586
695589
695636
695788
695801
695805
695840
695913
695914
695934
695935
695938
695939
695943
696052
696073
696075
696085
696127
696129
696236
696250
696259
696474
696559
696560
696592
696652
696662
696819
696843
696846
696851
696853
696860
696862
696864
696867
696885
696891
696916
696921
696923
696990
696992
696993
697032
697096
697122
697124
697130
697131
697132
697135
697137
697138
697189
697264
697265
697266
697268
697273
697471
697473
697524
697526
697535
697536
697537
697540
697653
697654
697685
697686
697726
697730
697862
697886
697887
697932
698048
698058
698065
698087
698088
698092
698131
698142
698145
698146
698147
698148
698149
698177
698181
698247
698248
698249
698250
698257
698258
698259
698261
698262
698263
698264
698265
698276
698278
698288
698291
698408
698456
698617
698675
698683
698685
698686
698688
698689
698690
698787
698789
698790
698791
698792
698793
698925
698932
698945
698953
698959
698960
699008
699069
699193
699405
699412
699445
699447
699450
699491
699668
699669
699670
699671
699704
699726
699727
699753
699756
699820
699821
699920
699921
699923
699925
699926
699927
699928
699929
699931
699932
699933
699934
699936
699938
699956
700029
700030
700033
700034
700133
700136
700141
700144
700207
700227
700228
700230
700264
700323
700325
700361
700411
700414
700447
700455
700497
700514
700520
700649
700650
700694
700844
700892
701002
701004
701024
701029
701074
701109
701111
701112
701113
701114
701115
701178
701187
701189
701190
701191
701194
701373
701375
701378
701380
701381
701570
701573
701574
701575
701598
701599
701616
701617
701639
701658
701667
701669
701736
701760
701822
701984
701985
701994
702030
702045
702046
702047
702113
702128
702129
702134
702208
702313
702320
702322
702324
702327
702332
702337
702338
702340
702348
702355
702373
702396
702399
702400
702408
702433
702435
702649
702685
702756
703018
703019
703022
703029
703030
703031
703032
703033
703100
703101
703103
703104
703105
703106
703107
703108
703109
703110
703111
703114
703117
703120
703121
703122
703123
703124
703125
703126
703128
703129
703130
703133
703134
703135
703136
703138
703139
703202
703203
703216
703321
703322
703324
703327
703328
703439
703441
703442
703462
703466
703467
703468
703545
703546
703554
703776
704077
704082
704085
704100
704171
704172
704199
704203
704205
704213
704219
704235
704242
704244
704312
704313
704314
704315
704318
704322
704344
704346
704373
704386
704387
704391
704393
704397
704399
704402
704561
704574
704593
704614
704617
704622
704637
704638
704641
704667
704669
704670
704784
704788
704792
704793
704795
704798
704799
704800
704824
704853
704967
704969
704971
705084
705128
705137
705140
705149
705157
705162
705163
705323
705330
705331
705332
705334
705336
705534
705701
705864
705865
705866
705868
705869
705870
705871
705895
705896
705901
705926
705928
705930
705939
705942
706000
706002
706003
706008
706010
706018
706031
706041
706044
706126
706132
706172
706173
706176
706188
706189
706192
706205
706232
706233
706234
706236
706237
706239
706470
706744
706804
706833
706978
707006
707031
707046
707055
707058
707060
707063
707068
707072
707081
707083
707085
707086
707087
707148
707149
707389
707439
707465
707486
707545
707567
707616
707619
707690
707691
707692
707693
707694
707696
707700
707772
707773
707828
707829
707830
707831
707832
707849
707985
708044
708045
708046
708048
708049
708062
708066
708067
708069
708070
708072
708074
708075
708076
708078
708087
708089
708105
708110
708127
708135
708138
708238
708248
708298
708375
708387
708388
708390
708393
708394
708405
708410
708411
708413
708417
708419
708420
708421
708422
708423
708424
708426
708431
708433
708438
708439
708440
708441
708442
708443
708445
708472
708483
708487
708489
708490
708495
708496
708534
708535
708544
708546
708547
708548
708550
708551
708559
708560
708562
708563
708564
708565
708566
708568
708572
708781
708791
708806
708849
708924
708929
708931
708936
709085
709096
709097
709098
709099
709100
709101
709102
709104
709107
709109
709112
709113
709125
709136
709137
709138
709148
709153
709160
709237
709238
709246
709257
709313
709319
709321
709357
709358
709359
709361
709362
709380
709381
709435
709482
709484
709486
709580
709598
709746
709748
709754
709847
709849
709855
709858
709859
709860
709876
709882
709900
709922
709923
709924
709925
709926
709927
709949
709954
709980
709985
709991
709993
710078
710090
710107
710111
710120
710121
710181
710196
710203
710204
710207
710264
710265
710266
710272
710282
710297
710328
710341
710342
710343
710387
710393
710404
710446
710484
710488
710529
710530
710537
710546
710547
710548
710550
710551
710552
710553
710554
710555
710556
710557
710558
710559
710560
710607
710608
710616
710836
710868
710898
710902
710903
710904
710907
710911
710917
710918
710968
710975
710988
711022
711041
711177
711181
711184
711219
711222
711617
711618
711620
711661
711669
711691
711692
711694
711695
711696
711721
711733
711737
711741
711742
711744
711898
711945
711946
711947
711948
711959
711960
712199
712201
712206
712207
712393
712399
712821
712914
713071
713166
713197
713368
713587
713791
713915
713917
714018
714121
714205
714206
714363
714370
714378
714380
714445
714528
714530
714531
714603
714604
714605
714607
714608
715114
715119
715120
715121
715124
715132
715141
715142
715147
715174
715175
715176
715192
715197
715224
715227
715228
715267
715268
715277
715280
715285
715286
715408
715430
715431
715435
715436
715447
715448
715455
715559
715562
715563
715564
715593
715596
715599
715643
715648
715652
715657
715669
715683
715695
715696
715711
715713
715716
715729
715744
715763
715768
715775
715776
715778
715805
715806
715808
715811
716054
716055
716056
716172
716173
716194
716210
716244
716501
716516
716517
716518
716520
716522
716524
716525
716526
716530
716531
716533
716535
716536
716677
716678
716679
716684
716685
716706
716707
716715
716721
716757
716758
716761
716763
716767
716768
716769
716782
716802
716830
716849
716850
716851
716852
716853
716860
716862
716863
716865
716869
716871
716872
716878
716879
716880
716885
716887
716894
716895
716907
716909
716915
716954
716981
716982
716984
717074
717164
717188
717189
717191
717201
717202
717208
717211
717224
717458
717459
717462
717463
717467
717468
717469
717471
717473
717477
717478
717481
717497
717499
717500
717503
717505
717507
717508
717513
717514
717516
717517
717518
717519
717523
717524
717530
717532
717533
717534
717566
717571
717572
717579
717703
717705
717707
717713
717768
717769
717772
717802
717803
717815
717816
717834
717835
717847
717851
717853
717859
717876
717879
717880
717881
717887
717895
717896
717902
717903
718020
718150
718169
718368
718370
718578
718579
718630
718631
718645
718813
719211
719664
719715
719982
720135
720177
720252
720257
720294
720303
720320
720321
720349
720357
720374
720379
720382
720384
720446
720486
720529
720531
720553
720554
720555
720571
720622
720623
720628
720642
720688
720689
720702
720704
720716
721154
721333
721385
721391
721514
721951
722307
722308
722316
722393
722394
722395
722396
722463
722517
722518
722546
722547
722563
722567
722568
722576
722651
722653
722662
